 country_id | party_id | year |        percent         
------------+----------+------+------------------------
          5 |     2141 | 2014 | 0.00031118725202119373
         44 |     2296 | 1997 | 0.00040966833900759835
         29 |     1189 | 2004 | 0.00111237239122540252
          5 |        4 | 2012 | 0.00117725376956500816
         29 |     2067 | 2011 | 0.00128429948967602510
         29 |     1189 | 1997 | 0.00132166691283158916
         29 |     1189 | 2006 | 0.00136044973263768041
         44 |     2296 | 2010 | 0.00144039916458061082
         43 |     2079 | 2012 | 0.00190726578524547141
         44 |     2063 | 2015 | 0.00200562497719251602
         44 |     1057 | 2005 | 0.00250820394931434543
          5 |      695 | 2000 | 0.00252896664813589450
         43 |     2400 | 2014 | 0.00274412617884346611
         29 |     1189 | 2008 | 0.00306238973958483172
         44 |     1023 | 2015 | 0.00325198881260328532
         44 |      319 | 1997 | 0.00343115213043517728
          5 |     2141 | 2012 | 0.00359173151003537926
         43 |     2252 | 2002 | 0.00373214893659581134
         44 |     1023 | 2010 | 0.00373792374756817694
         54 |      524 | 2014 | 0.00373894246354261128
         44 |     1210 | 2015 | 0.00374482595934794055
         44 |      689 | 1997 | 0.00405676174262178276
          5 |     1382 | 2000 | 0.00413293757276450051
         43 |       59 | 2002 | 0.00414983812315948894
         29 |     1259 | 1997 | 0.00428026638792275360
         44 |     1023 | 2005 | 0.00462736260664029076
         43 |     2400 | 2009 | 0.00464427624662472833
         44 |     1210 | 2005 | 0.00469322257464590138
         44 |     1210 | 2014 | 0.00507069332150467315
         43 |     2077 | 2007 | 0.00512835684753961016
         44 |      311 | 1997 | 0.00514698389875895776
         44 |     1210 | 2004 | 0.00540422620875427263
         44 |     1210 | 2009 | 0.00547620878524128932
         44 |      311 | 2010 | 0.00557114679918258139
         43 |     2077 | 2012 | 0.00561822495163249644
         44 |      319 | 2010 | 0.00566620330828988422
         44 |      689 | 2015 | 0.00574201216746688353
          5 |      247 | 2012 | 0.00576352019797710491
         44 |      689 | 2010 | 0.00579171023704034856
         44 |      319 | 2009 | 0.00583645351647216226
         54 |      524 | 2002 | 0.00584774133436452006
         44 |      311 | 2015 | 0.00592030152797109836
         44 |      319 | 2015 | 0.00600358142662767239
         43 |     2078 | 2012 | 0.00601190026886825841
         44 |     1023 | 1997 | 0.00609896656311117038
          5 |      247 | 2009 | 0.00615490166974668487
         43 |     2400 | 2004 | 0.00637958114664829834
          5 |      247 | 2005 | 0.00639922075258834218
         44 |      689 | 2005 | 0.00642871376734855799
         44 |      311 | 2005 | 0.00644005877302290255
         44 |     1023 | 2001 | 0.00644223964130228624
         44 |      689 | 2001 | 0.00667237245349680702
         44 |      311 | 2014 | 0.00679819791601906515
         44 |      319 | 2001 | 0.00690242941440187674
         54 |     1235 | 2014 | 0.00690861401490412634
         44 |      311 | 2001 | 0.00742936832221840142
          5 |     1175 | 2009 | 0.00750560019997085416
         44 |      319 | 2014 | 0.00797103655562834014
         43 |     1101 | 2002 | 0.00803416931246062502
         29 |     1259 | 2000 | 0.00804035643102718012
         44 |     1210 | 2001 | 0.00822375887663936918
         44 |     1210 | 1997 | 0.00825758022269439221
         44 |      689 | 2009 | 0.00833616746114734479
         44 |      311 | 2009 | 0.00837038839838878843
         44 |      689 | 2004 | 0.00856842898994725242
         44 |      319 | 2005 | 0.00890862887134505724
         44 |      311 | 2004 | 0.00947820323883663663
         54 |     1235 | 2009 | 0.00957417495410019290
         43 |     2080 | 2012 | 0.00959693881895632385
         44 |      467 | 2010 | 0.00962071577079780504
         44 |     1250 | 1999 | 0.00963243519192798853
         44 |      689 | 2014 | 0.00971215407595611509
         43 |      177 | 1999 | 0.01009022862133377518
         44 |     2147 | 2009 | 0.01012331957360976452
         54 |     1537 | 2014 | 0.01025849280254342245
         54 |     1235 | 2004 | 0.01041232364133619726
         44 |      319 | 2004 | 0.01041915890786779552
         44 |      467 | 2005 | 0.01043939427983340522
         43 |      177 | 2002 | 0.01091469970840977270
         44 |     1250 | 2014 | 0.01092036201388409043
         43 |     1263 | 2002 | 0.01094729887394243336
         54 |      301 | 2009 | 0.01100099174266761309
         44 |      689 | 1999 | 0.01103998843852523630
          5 |     1165 | 2000 | 0.01104066179670911333
         43 |     2249 | 2014 | 0.01117122124508744334
         44 |     1210 | 1999 | 0.01121491205020983326
         44 |     2064 | 2009 | 0.01143659758793922044
         43 |     2249 | 2002 | 0.01172060811901428521
         43 |     1176 | 2014 | 0.01173738158019612085
         43 |     2143 | 2002 | 0.01187896955740988341
         43 |     1176 | 2002 | 0.01196163597109963165
         43 |     1176 | 2009 | 0.01196234493670628774
         43 |     1101 | 2007 | 0.01201012123621091070
         54 |     1506 | 1998 | 0.01219245877871958497
         54 |      292 | 2004 | 0.01219383828792773475
         43 |      401 | 2012 | 0.01237335740158723939
         54 |      301 | 2014 | 0.01248839553969035423
         43 |      442 | 2002 | 0.01269375064490299372
         54 |     1537 | 2013 | 0.01282571058847679330
         54 |      301 | 2004 | 0.01285262715427954072
         44 |     2061 | 1999 | 0.01295945601009001434
         43 |     1492 | 2007 | 0.01320060177208084156
         54 |      524 | 2009 | 0.01321084321519053869
         44 |     1284 | 2004 | 0.01372367807969876140
         43 |     1328 | 1997 | 0.01398287693699410361
         43 |      285 | 2014 | 0.01405076799607253964
         44 |     2387 | 2014 | 0.01428895343279398800
         43 |     1492 | 1997 | 0.01444911888088039363
         54 |      865 | 2014 | 0.01447939594261874567
         54 |       41 | 2014 | 0.01460734648693998302
         54 |     1537 | 2009 | 0.01465316031217958281
         44 |     1272 | 2001 | 0.01481235358093747870
         44 |     1057 | 2004 | 0.01495143167771453232
         44 |     1284 | 2005 | 0.01518562160501626056
         43 |     2249 | 1999 | 0.01518872258965912499
         43 |     1492 | 2002 | 0.01540403655305217114
         43 |     2249 | 2004 | 0.01552466287161705249
         54 |     1537 | 2005 | 0.01582998202418762245
         44 |     2063 | 2009 | 0.01648240211424613654
         43 |     1492 | 2012 | 0.01652604054142936622
         44 |     1284 | 2010 | 0.01655189148979486522
         43 |      259 | 2002 | 0.01673323484926054754
         54 |       41 | 2009 | 0.01680672683755303712
         43 |     2252 | 2004 | 0.01696309594411498798
         54 |      524 | 1999 | 0.01703807785227637121
         43 |      259 | 2004 | 0.01731588947829542186
          5 |        4 | 2009 | 0.01733355947054618461
         44 |      311 | 1999 | 0.01738303391115682315
          5 |        4 | 2005 | 0.01744660595160356490
         44 |     1284 | 2001 | 0.01760940780509009939
         43 |      509 | 2012 | 0.01765115743124871137
         43 |     2399 | 2009 | 0.01768928672191617746
         43 |      285 | 1999 | 0.01770538644945490416
         44 |     1023 | 1999 | 0.01789879580483630003
         44 |      319 | 1999 | 0.01808939122078663073
         54 |      524 | 1998 | 0.01838187694651990310
         44 |     2062 | 2009 | 0.01848465726079763059
         54 |      524 | 2004 | 0.01883602486813557011
         44 |     1250 | 2010 | 0.01900897761907629865
          5 |     2069 | 2014 | 0.01928811599002798323
         54 |      865 | 2009 | 0.01954915232899996518
         43 |      177 | 2007 | 0.01972634393491394240
         44 |     1284 | 1997 | 0.01986653320669210827
         44 |     1284 | 2009 | 0.02120687336112760499
         54 |      865 | 2013 | 0.02193564979837562527
         43 |     1058 | 2012 | 0.02195892945744436095
         44 |     1272 | 2005 | 0.02232067247889479017
          5 |      940 | 2012 | 0.02360905025280206570
         44 |     1284 | 2014 | 0.02367087251379508985
         43 |     1058 | 2007 | 0.02368512204788472042
          5 |     1175 | 2005 | 0.02423654462665969770
          5 |      940 | 2014 | 0.02464525412628727546
         43 |      285 | 2007 | 0.02466112858584521563
         44 |     1284 | 1999 | 0.02519951051418532894
         43 |     2083 | 1997 | 0.02542190909260997046
         43 |     1176 | 2004 | 0.02563586418573073926
         44 |     2103 | 1997 | 0.02594903888234217908
          5 |     2404 | 2014 | 0.02652917728761676295
         43 |     2143 | 1997 | 0.02814669300967858594
         43 |      177 | 2014 | 0.02900089318492673547
         54 |      543 | 1999 | 0.03031755509469895958
         44 |     1272 | 2010 | 0.03097407254556480880
         43 |      873 | 2007 | 0.03250449110165364370
         43 |     1263 | 1999 | 0.03280055297245360333
         54 |      543 | 2014 | 0.03361737036967896404
         43 |      177 | 2012 | 0.03396754862344838386
         43 |     2083 | 2007 | 0.03412872243695023508
         43 |      285 | 2012 | 0.03506488437362527188
         43 |     2249 | 2009 | 0.03631970610410338486
         43 |      285 | 2002 | 0.03651950236165704371
         44 |      467 | 2015 | 0.03771748565083436293
         43 |     2399 | 2014 | 0.03821745800656591946
         29 |     1259 | 2011 | 0.03885464392100505434
         54 |      791 | 2002 | 0.03993422017614625073
          5 |     1124 | 2009 | 0.04270552948827597683
          5 |      940 | 2009 | 0.04271918582645465758
         43 |      686 | 2007 | 0.04286648225181560385
         43 |      270 | 2007 | 0.04288465606066747828
         29 |     1259 | 2004 | 0.04292368531206951690
         29 |     1259 | 2006 | 0.04481749841518201971
         43 |      873 | 2002 | 0.04508516086381054934
         54 |     2253 | 2013 | 0.04704168532034409243
         44 |     1284 | 2015 | 0.04738860824822883596
         54 |      543 | 2013 | 0.04764881792553299510
         44 |     1250 | 2004 | 0.04791037060836966226
         43 |      259 | 2009 | 0.04799207415881440864
         43 |      686 | 2002 | 0.04817301086170130807
         43 |      509 | 2002 | 0.04858036179528318198
         43 |      442 | 2009 | 0.04883279223287077578
         54 |      791 | 1998 | 0.05101459966993122810
          5 |      940 | 2003 | 0.05122242291388193665
         43 |     1176 | 1999 | 0.05183895753948564677
         43 |      686 | 2004 | 0.05244706611724767224
         54 |     1180 | 2014 | 0.05339611948754921293
         43 |      873 | 2012 | 0.05464769796653231923
          5 |      940 | 2005 | 0.05485125149700854886
          5 |     2069 | 2012 | 0.05689467218682759928
         43 |      270 | 1999 | 0.05696578465943438416
         54 |      791 | 1999 | 0.05793743978265787111
         44 |      467 | 1999 | 0.05868743477901817554
         43 |      686 | 2009 | 0.06051073564922240547
         29 |      448 | 2011 | 0.06054239410811478962
         54 |      543 | 2004 | 0.06071403001542293539
         44 |      467 | 2004 | 0.06124202828617192937
         54 |      791 | 2004 | 0.06124452066148204302
          5 |     1540 | 2012 | 0.06130219119051866630
         44 |     1250 | 2009 | 0.06233746706399949475
         54 |      543 | 1998 | 0.06248322804792811432
         43 |      686 | 2014 | 0.06334290667623420658
         43 |      270 | 2009 | 0.06340179296661159836
         54 |      772 | 1999 | 0.06435849181905219700
         54 |     1180 | 2009 | 0.06525617581625037266
         44 |     1272 | 1999 | 0.06532017402271754717
         44 |      659 | 2014 | 0.06609762205887116393
         43 |      285 | 1997 | 0.06628786548106797983
         54 |      772 | 1998 | 0.06695849998474908348
         54 |     1180 | 1998 | 0.06742203050053508003
         43 |      259 | 1999 | 0.06776513539959830391
         29 |     1259 | 2008 | 0.06777454635560007616
         43 |      686 | 1999 | 0.06780072183803727872
         43 |      686 | 2012 | 0.06909419883181271088
          5 |     1540 | 2009 | 0.07025533728703981533
         54 |     2253 | 2014 | 0.07051635198418046177
         54 |     1180 | 2009 | 0.07202863400624696109
          5 |     1540 | 2005 | 0.07254253726629792549
         54 |      543 | 2002 | 0.07373071941942409110
         54 |      791 | 2014 | 0.07386980766403321100
         54 |     1180 | 2005 | 0.07389422024045514476
         43 |      873 | 2004 | 0.07403433763873080065
         54 |     1180 | 2013 | 0.07417796056501295222
         54 |      791 | 2009 | 0.07478091357894546570
         43 |      509 | 2007 | 0.07611894277613191035
         44 |      467 | 2014 | 0.07630367009949407926
         43 |      873 | 1997 | 0.07672443009106243561
          5 |     1540 | 2003 | 0.07759649128120385849
         44 |      659 | 2015 | 0.07871390552749148955
         54 |     1180 | 2004 | 0.08004676446859133131
         54 |      772 | 2005 | 0.08116915441612783356
         29 |      296 | 2000 | 0.08416191659963292051
         54 |      772 | 2013 | 0.08448027912182847081
         43 |      509 | 2009 | 0.08455041735647247798
         54 |      772 | 2002 | 0.08563867600290687984
         54 |      791 | 2013 | 0.08588998486422165820
         44 |      467 | 2009 | 0.08613006915800374871
         54 |      791 | 2005 | 0.08708752844379845469
          5 |     1124 | 2012 | 0.08716510073930346962
         43 |     1101 | 2004 | 0.08833083401509795568
         43 |      873 | 2014 | 0.08949479791394289050
         54 |     1180 | 2002 | 0.08990409296681756662
         43 |      509 | 1999 | 0.09287601435516126890
          5 |      940 | 2000 | 0.09363718541627506214
         54 |     1180 | 1999 | 0.09386826467954257308
         43 |      873 | 1999 | 0.09722401980328632826
         43 |      270 | 2004 | 0.09813560528408645463
         54 |      543 | 2005 | 0.09829439137905380961
         43 |      509 | 2014 | 0.09941911590887857259
         43 |      686 | 1997 | 0.09960356014327663881
         29 |      448 | 2008 | 0.09975145822403369482
         29 |      448 | 2006 | 0.10482448086033226747
         29 |      448 | 2000 | 0.10600195349993094659
         29 |      448 | 1997 | 0.10671757634488059872
         54 |      772 | 2014 | 0.10694137834757935693
         54 |      772 | 2009 | 0.10705890246497732712
         54 |      543 | 2009 | 0.10967361504252918836
          5 |      462 | 2000 | 0.11011001644074792979
         29 |      296 | 1997 | 0.11046688116641205667
          5 |     1540 | 2000 | 0.11227438879574115633
         43 |      270 | 2002 | 0.11340231707580335851
          5 |     1540 | 2014 | 0.11367816375784303154
          5 |      837 | 2009 | 0.11445186606187514881
          5 |      837 | 2012 | 0.11825336065763365994
         44 |      659 | 1999 | 0.11885693425725032094
         54 |      791 | 2009 | 0.11887921452005351940
         54 |      772 | 2004 | 0.11944486740797802393
         43 |      509 | 2004 | 0.11947603199826288355
         29 |      794 | 2000 | 0.12056441452514525261
         54 |      772 | 2009 | 0.12130995854549066958
         29 |      448 | 2004 | 0.12385889494660479825
         44 |     1272 | 2015 | 0.12645443325357230363
         43 |      138 | 1999 | 0.12824723417440482815
          5 |      837 | 2000 | 0.12970312894224159001
         43 |     1101 | 1999 | 0.13058998914953625431
          5 |      837 | 2005 | 0.13253912867823983132
         43 |      270 | 2012 | 0.13596432670481506488
          5 |      837 | 2014 | 0.13713906136497487262
         44 |      659 | 2009 | 0.13745275462689533123
         43 |     1539 | 2014 | 0.13981802155028225984
         43 |      509 | 1997 | 0.14278718739349991154
         44 |      659 | 2004 | 0.14537459793159294375
         54 |      543 | 2009 | 0.14562846903670385802
          5 |      837 | 2003 | 0.14776694184188516059
         43 |      270 | 1997 | 0.15002416074279146615
         29 |      296 | 2004 | 0.15683374393333521076
          5 |     2136 | 2014 | 0.15717232429540330661
         43 |      138 | 1997 | 0.15722667513364983998
         44 |     1556 | 2009 | 0.15734760518181623595
         44 |     1272 | 2004 | 0.15773103594636795736
          5 |      439 | 2012 | 0.15999785509737073622
         43 |      873 | 2009 | 0.16283302477191253605
         44 |     1272 | 2009 | 0.16444719445129303613
         43 |     1539 | 2009 | 0.16483092076981341239
         43 |      658 | 2004 | 0.16635860574504204807
         44 |      659 | 1997 | 0.16757972918739726329
         29 |      296 | 2006 | 0.17477014318331874552
         29 |      296 | 2008 | 0.18181542187841316658
         44 |      659 | 2001 | 0.18258622784066207860
          5 |      439 | 2014 | 0.18329600380032064455
         29 |      794 | 1997 | 0.18841280918019072109
         29 |      368 | 2011 | 0.18901655666470614603
         29 |      897 | 1997 | 0.19352413245346443374
          5 |     2136 | 2012 | 0.20375956831292208453
         54 |      558 | 2009 | 0.20781808866322232671
         43 |      658 | 2014 | 0.20805384706000460757
         54 |      558 | 2004 | 0.21517376225377930953
         43 |     1539 | 1999 | 0.21953834869405704211
         44 |     1556 | 2004 | 0.22044451900584621988
         44 |      659 | 2005 | 0.22047081036859849767
         44 |      659 | 2010 | 0.23029221219738716536
         54 |      558 | 2009 | 0.23034848709477420380
         44 |      773 | 2014 | 0.23048075080633795948
         43 |     1539 | 1997 | 0.23592525224312820082
         43 |     1539 | 2002 | 0.24109118873867174046
         44 |     1556 | 2014 | 0.24434265946372729566
         43 |     1539 | 2007 | 0.24730673182086003612
         43 |      270 | 2014 | 0.24860310277176421458
          5 |      439 | 2000 | 0.25178528636192260685
         29 |      897 | 2000 | 0.25212605652685562297
         54 |      558 | 2013 | 0.25732961455083804790
         44 |      773 | 2004 | 0.26066048887250118857
         29 |      368 | 2008 | 0.26262164155250712469
         44 |     1556 | 1999 | 0.26311936471948408796
         44 |     1272 | 2014 | 0.26597681949667543789
          5 |     1193 | 2009 | 0.26730352192130041308
         43 |      658 | 2012 | 0.27115579058168504672
         54 |      558 | 2014 | 0.27264871116738452055
         54 |      808 | 2009 | 0.27272198434029594300
          5 |     1193 | 2012 | 0.27624606081021619715
         44 |      773 | 2009 | 0.27736096059624235611
         54 |      808 | 2005 | 0.27780289573749680363
         43 |      658 | 2009 | 0.27876273897539023756
          5 |     1193 | 2000 | 0.28312370233699110134
         54 |      808 | 1998 | 0.28402617381761591183
         43 |     1539 | 2004 | 0.28891349959187315602
         44 |     1556 | 2010 | 0.29000410406983332168
         43 |     1539 | 2012 | 0.29354476899828261696
         54 |      808 | 2002 | 0.29517916730560241084
         29 |     1255 | 2004 | 0.29632040571182470503
         54 |      808 | 2014 | 0.30020866567204081663
         29 |      368 | 2006 | 0.30231267680936676187
         44 |     1556 | 2015 | 0.30455498037253092695
         29 |      296 | 2011 | 0.30646679770007837555
         54 |      808 | 2009 | 0.30650723088100439882
         44 |      773 | 1997 | 0.30687386843384788043
         54 |      558 | 1999 | 0.30699586792298521841
          5 |      439 | 2005 | 0.31022110859216804265
         44 |      773 | 2001 | 0.31696793724276694430
         44 |      773 | 2005 | 0.32358737182998256626
          5 |     1193 | 2014 | 0.33109776126487258788
         43 |      658 | 2002 | 0.33304317567365502200
         44 |      773 | 1999 | 0.33579121027619912763
         54 |      808 | 2013 | 0.34125199854295492912
         54 |      558 | 2005 | 0.34246889506062300642
          5 |     1193 | 2003 | 0.34956339736507020214
         44 |     1556 | 2005 | 0.35185857345393909279
         44 |      773 | 2010 | 0.36131625846262298567
         29 |     1255 | 2006 | 0.36269240277437800323
         54 |      808 | 2004 | 0.36507580493364833365
         29 |      368 | 2004 | 0.36729299324083934907
         44 |      773 | 2015 | 0.36930451509985768130
          5 |      439 | 2003 | 0.37385074659795884214
         29 |     1255 | 2008 | 0.37653305618631496483
          5 |     1193 | 2005 | 0.38176360263543404691
         29 |      368 | 1997 | 0.38459305858042362031
         54 |      558 | 2002 | 0.38520883198101194088
         54 |      808 | 1999 | 0.39277566695897557928
         43 |      658 | 2007 | 0.39535668789441823928
         29 |     1255 | 2011 | 0.39631064426873712135
         29 |      368 | 2000 | 0.40408988561753949028
         44 |     1556 | 2001 | 0.40675075717601553404
         54 |      558 | 1998 | 0.40928570304453721905
          5 |      439 | 2009 | 0.42411099689776596660
         44 |     1556 | 1997 | 0.43207966148999989900
          5 |      940 | 1996 |                       
          5 |      163 | 1996 |                       
          5 |     1146 | 1996 |                       
          5 |     1540 | 1996 |                       
          5 |     1193 | 1996 |                       
          5 |     1136 | 1996 |                       
          5 |      439 | 1996 |                       
         29 |      368 | 2015 |                       
         29 |     1255 | 2015 |                       
         29 |      296 | 2015 |                       
         29 |      448 | 2015 |                       
         29 |     1259 | 2015 |                       
         29 |     1189 | 2015 |                       
(395 rows)

