 country_id | first_party | second_party 
------------+-------------+--------------
         43 |         401 |          885
         43 |         885 |         2250
         43 |          59 |          885
         43 |         213 |          885
         43 |        1539 |         2284
         43 |        1414 |         1539
         43 |        1094 |         1539
         43 |        1086 |         1539
         43 |         401 |         1539
         54 |         808 |         1727
         44 |         319 |         1363
         43 |        1414 |         2250
         43 |        1086 |         1414
         43 |          59 |         1414
         43 |        1094 |         1414
         44 |         639 |          773
         54 |        1180 |         1727
         54 |         808 |         1180
         44 |         773 |         1496
         43 |         401 |         1414
         43 |        1414 |         2250
         43 |          59 |         1414
         43 |        1094 |         1414
         43 |         213 |         1414
         43 |         885 |         1414
         44 |         646 |         1363
         44 |         319 |          646
         43 |         509 |         2250
         43 |          59 |          509
         43 |         285 |          509
         54 |         808 |         1727
         43 |         686 |         2251
         43 |         401 |          686
         43 |         516 |          686
         44 |         773 |         1017
         44 |        1017 |         1496
         54 |         808 |         1727
         43 |         401 |          890
         43 |         890 |         2279
         44 |        1017 |         1496
         44 |         773 |         1017
         44 |        1210 |         1363
         44 |         319 |         1210
         44 |         646 |         1210
         43 |        1539 |         2251
         43 |         177 |         1539
         43 |        1492 |         1539
         43 |         873 |         1539
         43 |         686 |         1539
         54 |        1180 |         1727
         54 |         808 |         1180
         43 |         285 |         2250
         43 |          59 |          285
         44 |         319 |         1363
         44 |         773 |         1017
         44 |        1017 |         1496
         43 |         401 |         1086
         43 |        1086 |         2279
         43 |         890 |         1086
         54 |         808 |         1727
         43 |         401 |          509
         43 |          59 |          509
         43 |         509 |         2250
         43 |         138 |          509
         43 |         516 |         2251
         43 |         401 |          516
         54 |        1180 |         1727
         54 |         808 |         1180
         43 |          59 |          138
         43 |         138 |         2250
         43 |         686 |         2251
         43 |         177 |          686
         54 |        1180 |         1727
         54 |         808 |         1180
         43 |        1094 |         2250
         43 |          59 |         1094
         43 |         401 |         2251
         54 |         808 |         1727
         43 |          59 |         2250
         43 |        1094 |         2250
         43 |        1086 |         1094
         43 |          59 |         1094
         43 |        1414 |         2250
         43 |        1086 |         1414
         54 |         808 |         1727
         43 |         686 |         2251
         43 |          59 |         2250
         43 |          59 |          138
         43 |         138 |         2250
         43 |         686 |         2251
         43 |        1539 |         2279
         43 |         686 |         1539
         43 |        1086 |         1539
         43 |         516 |         2251
         43 |         401 |          516
         43 |          59 |          138
         43 |         138 |         2250
         44 |         773 |         1496
         54 |        1180 |         1727
         54 |         808 |         1180
         54 |        1180 |         1727
         54 |         808 |         1180
         43 |         686 |         2251
         54 |         808 |         1727
         43 |        1539 |         2251
         43 |         686 |         1539
         43 |        1492 |         1539
         43 |         516 |         1539
         43 |         401 |         2284
         43 |         401 |          890
         54 |         808 |         1727
         43 |        1539 |         2251
         43 |        1492 |         1539
         43 |         686 |         1539
         54 |        1180 |         1727
         54 |         808 |         1180
         54 |         808 |         1727
         43 |          59 |          509
         43 |         401 |          509
         43 |         509 |         2250
         43 |         138 |          509
         43 |        1539 |         2251
         43 |         401 |         1539
         43 |         516 |         1539
         43 |         686 |         1539
         43 |         138 |          509
         43 |         509 |         2264
         54 |        1180 |         1727
         54 |         808 |         1180
         43 |        1491 |         2250
         43 |        1414 |         1491
         43 |          59 |         1491
         43 |        1094 |         1491
         54 |        1180 |         1727
         54 |         808 |         1180
         43 |        2251 |         2260
         43 |        1492 |         2260
         43 |        1539 |         2260
         43 |         686 |         2260
         43 |        1539 |         2251
         43 |         401 |         1539
         43 |         686 |         1539
         43 |         516 |         1539
         43 |        1086 |         2279
         43 |         686 |         1086
         43 |        1086 |         2279
         43 |         686 |         1086
         54 |        1180 |         1727
         54 |         808 |         1180
         43 |        1539 |         2279
         43 |         686 |         1539
         43 |        1086 |         1539
         43 |        1492 |         2251
         43 |         686 |         1492
         43 |        1539 |         2251
         43 |        1492 |         1539
         43 |         686 |         1539
         54 |        1180 |         1727
         54 |         808 |         1180
         43 |         401 |         2251
         43 |        1539 |         2251
         43 |         177 |         1539
         43 |        1492 |         1539
         43 |         873 |         1539
         43 |         686 |         1539
         54 |        1180 |         1727
         54 |         808 |         1180
         43 |          59 |          285
         43 |         285 |         2250
         43 |         138 |          285
         43 |         890 |         1094
         43 |        1094 |         2251
         43 |         401 |         1094
         43 |          59 |          138
         43 |         138 |         2250
         43 |         509 |         2264
         43 |         138 |          509
         54 |        1180 |         1727
         54 |         808 |         1180
         44 |         773 |         1496
         54 |         808 |         1727
         43 |         401 |         1414
         43 |        1414 |         2279
         43 |        1086 |         1414
         43 |         890 |         1414
         54 |        1180 |         1727
         54 |         808 |         1180
         44 |        1017 |         1496
         44 |         773 |         1017
         43 |        1491 |         2250
         43 |        1094 |         1491
         43 |        1414 |         1491
         43 |          59 |         1491
         43 |         873 |         2251
         43 |         177 |          873
         43 |         686 |          873
         54 |         808 |         1727
         44 |         659 |         1547
         54 |        1180 |         1727
         54 |         808 |         1180
         43 |         686 |         2251
         54 |        1180 |         1727
         54 |         808 |         1180
         43 |          59 |         2250
         43 |         686 |         2251
         43 |         686 |         2251
         43 |         873 |         2251
         43 |         686 |          873
         54 |         808 |         1727
         43 |        1086 |         2284
         43 |         401 |         1086
         43 |        1086 |         2250
         43 |          59 |         1086
         54 |         808 |         1727
         43 |        1539 |         2251
         43 |        1492 |         1539
         43 |         686 |         1539
         43 |        1492 |         2251
         43 |         177 |         1492
         43 |         873 |         1492
         43 |         686 |         1492
         44 |         646 |         1210
         44 |        1210 |         1363
         44 |         319 |         1210
         43 |        1086 |         2250
         44 |        1017 |         1496
         44 |         773 |         1017
         54 |         808 |         1727
         43 |         658 |         2250
         43 |         285 |          658
         43 |         401 |          509
         43 |          59 |          509
         43 |         509 |         2250
         43 |         138 |          509
         43 |         285 |          509
         43 |        1492 |         2251
         43 |         686 |         1492
         43 |          59 |          509
         43 |         285 |          509
         43 |         509 |         2250
         43 |         138 |          509
         43 |        1094 |         2284
         43 |        1086 |         1094
         43 |         401 |         1094
         43 |         516 |         2251
         43 |          59 |          509
         43 |         401 |          509
         43 |         509 |         2250
         43 |         285 |          509
         43 |         138 |          509
         43 |         213 |         2250
         43 |          59 |          213
         43 |         177 |         2251
         54 |         808 |         1727
         54 |         808 |         1727
         43 |         686 |         2251
         43 |         177 |          686
         43 |        1086 |         2279
         43 |         686 |         1086
         44 |         773 |         1496
         54 |         808 |         1727
         43 |         686 |         2279
         43 |         401 |         1094
         43 |        1094 |         2250
         43 |          59 |         1094
         43 |         213 |         1094
         43 |         885 |         1094
         54 |        1180 |         1727
         54 |         808 |         1180
         54 |        1180 |         1727
         54 |         808 |         1180
         54 |        1180 |         1727
         54 |         808 |         1180
         43 |         401 |         2251
         43 |        1492 |         2251
         43 |         686 |         1492
         43 |         516 |         1492
         43 |        2143 |         2251
         43 |        1492 |         2143
         43 |        1539 |         2143
         43 |         873 |         2143
         43 |         686 |         2143
         54 |         808 |         1727
         54 |         808 |         1727
         43 |        1539 |         2251
         43 |        1492 |         1539
         43 |         686 |         1539
         44 |         773 |         1017
         44 |         639 |         1017
         54 |         808 |         1727
         43 |         686 |         2251
         43 |         401 |          686
         43 |         516 |          686
         43 |        1414 |         2284
         43 |        1094 |         1414
         43 |        1086 |         1414
         43 |         401 |         1414
         43 |        1492 |         2251
         43 |         686 |         1492
         54 |        1180 |         1727
         54 |         808 |         1180
         43 |        1539 |         2251
         43 |        1492 |         1539
         43 |         873 |         1539
         43 |         686 |         1539
         43 |          59 |          138
         43 |         138 |         2250
         54 |        1180 |         1727
         54 |         808 |         1180
         54 |        1180 |         1727
         54 |         808 |         1180
         54 |        1180 |         1727
         54 |         808 |         1180
         54 |         808 |         1727
         43 |         658 |         1058
         43 |         285 |         2250
         43 |         401 |          509
         43 |          59 |          509
         43 |         285 |          509
         43 |         509 |         2250
         43 |         138 |          509
         54 |         808 |         1727
         43 |         686 |         2251
         43 |         516 |          686
         43 |         401 |         1539
         43 |        1539 |         2279
         43 |        1414 |         1539
         43 |        1086 |         1539
         43 |         890 |         1539
         54 |        1180 |         1727
         54 |         808 |         1180
         43 |        1539 |         2251
         43 |        1492 |         1539
         43 |         686 |         1539
         44 |        1017 |         1496
         44 |         773 |         1017
         43 |        1539 |         2251
         43 |         516 |         1539
         43 |         686 |         1539
         43 |         401 |         1539
         43 |          59 |          138
         43 |         138 |         2250
         54 |         808 |         1727
         43 |        1414 |         2250
         43 |        1094 |         1414
         43 |          59 |         1414
         43 |         401 |         2251
         43 |         873 |         2251
         43 |         177 |          873
         43 |         686 |          873
         43 |         686 |         2279
         43 |          59 |          285
         43 |         285 |         2250
         43 |         138 |          285
         44 |         773 |         1496
         43 |        1539 |         2279
         43 |         686 |         1539
         43 |        1086 |         1539
         43 |        1101 |         2250
         43 |          59 |         1101
         43 |         658 |         1101
         43 |         285 |         1101
         43 |         509 |         1101
         43 |         658 |         2250
         43 |          59 |          658
         43 |         285 |          658
         43 |         509 |          658
         43 |        1094 |         2250
         43 |          59 |         1094
         43 |         686 |         2251
         43 |         516 |          686
         43 |         401 |          686
         43 |        1058 |         2250
         43 |         285 |         1058
         43 |         658 |         1058
         44 |         659 |         1547
         44 |         646 |         1363
         44 |         319 |          646
         54 |         808 |         1727
         43 |        1492 |         2251
         43 |         686 |         1492
         43 |          59 |         2250
         44 |         773 |         1496
         43 |         890 |         1539
         43 |        1539 |         2251
         43 |         401 |         1539
         43 |        1094 |         1539
         43 |         686 |         2279
         43 |        1492 |         2251
         43 |         686 |         1492
         43 |        1539 |         2251
         43 |         873 |         1539
         43 |         177 |         1539
         43 |        1492 |         1539
         43 |        1492 |         2251
         43 |         873 |         1492
         43 |         177 |         1492
         43 |         177 |         2251
         43 |         873 |         2251
         43 |         177 |          873
         43 |        2078 |         2250
         43 |         285 |         2078
         43 |         658 |         2078
         43 |        1058 |         2078
         43 |         401 |         2078
         43 |         401 |         2250
         43 |         285 |          401
         43 |        1058 |         2250
         43 |         285 |         1058
         43 |         658 |         1058
         43 |         401 |         1058
         43 |         658 |         2250
         43 |         285 |          658
         43 |         401 |          658
         43 |         285 |         2250
         43 |        1101 |         2250
         43 |        1058 |         1101
         43 |         285 |         1101
         43 |         658 |         1101
         43 |        1492 |         2251
         43 |         177 |         1492
         43 |         873 |         1492
         43 |         686 |         1492
         43 |         177 |         2251
         43 |          59 |         2250
         43 |        2250 |         2252
         43 |          59 |         2252
         43 |         658 |         2252
         43 |        1101 |         2252
         43 |         285 |         2252
         43 |         509 |         2252
         43 |        1492 |         2251
         43 |         873 |         1492
         43 |         686 |         1492
         54 |         808 |         1727
         54 |         808 |         1180
         54 |        1180 |         1727
         43 |         650 |          873
         43 |        2251 |         2260
         43 |        1492 |         2260
         43 |        1539 |         2260
         43 |         686 |         2260
         43 |          59 |          285
         43 |         285 |         2250
         43 |         138 |          285
         43 |          59 |          285
         43 |         285 |         2250
         43 |         138 |          285
         43 |          59 |         2264
         43 |         285 |         2264
         43 |        2250 |         2264
         43 |         509 |         2264
         43 |         138 |         2264
         43 |          59 |          401
         43 |         401 |         2250
         43 |         138 |          401
         43 |          59 |         2265
         43 |        1414 |         2265
         43 |         401 |         2265
         43 |        2250 |         2265
         43 |         509 |         2265
         43 |         138 |         2265
         43 |          59 |         1414
         43 |         401 |         1414
         43 |        1414 |         2250
         43 |         509 |         1414
         43 |         138 |         1414
         43 |         401 |         1414
         43 |          59 |         1414
         43 |        1414 |         2250
         43 |         138 |         1414
         43 |         509 |         1414
         43 |         401 |         2260
         43 |          59 |         2260
         43 |        1414 |         2260
         43 |        2250 |         2260
         43 |         138 |         2260
         43 |         509 |         2260
         43 |          59 |         2250
         43 |         401 |         2265
         43 |          59 |         2265
         43 |        2260 |         2265
         43 |        1414 |         2265
         43 |        2250 |         2265
         43 |         138 |         2265
         43 |         509 |         2265
         43 |          59 |          401
         43 |         401 |         2250
         43 |         138 |          401
         43 |        1414 |         2250
         43 |          59 |         1414
         43 |        1094 |         1414
         43 |         516 |         2251
         43 |         401 |          516
         43 |         401 |         2265
         43 |          59 |         2265
         43 |         285 |         2265
         43 |        2250 |         2265
         43 |         509 |         2265
         43 |         138 |         2265
         43 |          59 |         2250
         43 |          59 |          401
         43 |         285 |          401
         43 |         401 |         2250
         43 |         138 |          401
         43 |          59 |          401
         43 |         401 |         2250
         43 |         285 |          401
         43 |         138 |          401
         43 |          59 |         2265
         43 |         401 |         2265
         43 |        2250 |         2265
         43 |         285 |         2265
         43 |         509 |         2265
         43 |         138 |         2265
         43 |          59 |         2250
         43 |          59 |         2250
         43 |         401 |         2265
         43 |          59 |         2265
         43 |        2250 |         2265
         43 |         138 |         2265
         43 |         509 |         2265
         43 |         285 |         2265
         43 |          59 |          401
         43 |         401 |         2250
         43 |         138 |          401
         43 |         285 |          401
         43 |         890 |         2251
         43 |         401 |          890
         43 |         401 |         2280
         43 |         890 |         2280
         43 |         401 |         2280
         43 |         890 |         2280
         43 |         401 |          890
         43 |         401 |         2279
         43 |         401 |         2280
         43 |        2279 |         2280
         43 |        1539 |         2280
         43 |        1414 |         2280
         43 |        1086 |         2280
         43 |         890 |         2280
         43 |         401 |         2280
         43 |         401 |         2250
         43 |          59 |          401
         43 |         213 |          401
         54 |         791 |          796
         43 |        1492 |         1539
         43 |         401 |          509
         43 |        1058 |         2078
         43 |         401 |         2078
         43 |         509 |         2078
         43 |         401 |         1058
         43 |         509 |         1058
         54 |         808 |         1727
         54 |         808 |         1180
         54 |        1180 |         1727
         43 |         890 |         2280
         43 |        2251 |         2280
         43 |        1539 |         2280
         43 |         401 |         2280
         43 |        1094 |         2280
         43 |        1101 |         2252
         43 |        1492 |         1539
         43 |         442 |         1176
         43 |         138 |         2264
         43 |         138 |         2264
         43 |        1492 |         2264
         43 |         138 |         1492
         43 |         138 |         2264
         43 |        1492 |         2143
         43 |        1539 |         2143
         43 |        1492 |         1539
         43 |          59 |          138
         43 |         442 |         1176
         43 |         442 |         1176
         44 |        1599 |         2501
         44 |        2500 |         2501
         44 |        1599 |         2503
         44 |        2501 |         2503
         44 |        2500 |         2503
         44 |        1599 |         2500
         44 |        1599 |         2508
         44 |        2503 |         2508
         44 |        2501 |         2508
         44 |        2500 |         2508
         44 |         659 |          773
         44 |         659 |         1017
         44 |         773 |         1017
         44 |        1017 |         2479
         44 |         659 |         2479
         44 |         773 |         2479
         44 |        2479 |         2518
         44 |        1017 |         2518
         44 |         659 |         2518
         44 |         773 |         2518
         44 |         773 |         1017
         44 |        1017 |         2479
         44 |         773 |         2479
         44 |        2479 |         2518
         44 |        1017 |         2518
         44 |         773 |         2518
         43 |         401 |         1539
         43 |         686 |         2594
         43 |         401 |         2594
         43 |        1539 |         2594
         43 |         401 |          686
         43 |         686 |         1539
         43 |        2581 |         2585
         43 |        2583 |         2587
         43 |        2585 |         2587
         43 |        2581 |         2587
         43 |        2583 |         2585
         43 |        2581 |         2585
         43 |        2581 |         2583
         43 |        2583 |         2589
         43 |        2585 |         2589
         43 |        2581 |         2589
         43 |        2587 |         2589
         43 |        2586 |         2587
         43 |         401 |         2594
         43 |        2585 |         2587
         43 |        2585 |         2587
         43 |          59 |         2250
         43 |          59 |         2250
         43 |         509 |         2643
         43 |         285 |         2273
         43 |         658 |         2273
         43 |         177 |         1492
         43 |        1492 |         1539
         43 |         177 |         1539
         43 |         285 |          658
(631 rows)

